           0           1           0           0
           1           1           1           0
           2           1           2           0
           3           1           3           0
           4           1           4           0
           5           1           5           0
           6           1           6           0
           7           1           7           0
           8           1           8           0
           9           1           9           0
          10           1          10           0
          11           1          11           0
          12           1          12           0
          13           1          13           0
          14           1          14           0
          15           1          15           0
          16           1           0           1
          17           1           1           1
          18           1           2           1
          19           1           3           1
          20           1           4           1
          21           1           5           1
          22           1           6           1
          23           1           7           1
          24           1           8           1
          25           1           9           1
          26           1          10           1
          27           1          11           1
          28           1          12           1
          29           1          13           1
          30           1          14           1
          31           1          15           1
          32           1           0           2
          33           1           1           2
          34           1           2           2
          35           1           3           2
          36           1           4           2
          37           1           5           2
          38           1           6           2
          39           1           7           2
          40           1           8           2
          41           1           9           2
          42           1          10           2
          43           1          11           2
          44           1          12           2
          45           1          13           2
          46           1          14           2
          47           1          15           2
          48           1           0           3
          49           1           1           3
          50           1           2           3
          51           1           3           3
          52           1           4           3
          53           1           5           3
          54           1           6           3
          55           1           7           3
          56           1           8           3
          57           1           9           3
          58           1          10           3
          59           1          11           3
          60           1          12           3
          61           1          13           3
          62           1          14           3
          63           1          15           3
          64           1           0           4
          65           1           1           4
          66           1           2           4
          67           1           3           4
          68           1           4           4
          69           1           5           4
          70           1           6           4
          71           1           7           4
          72           1           8           4
          73           1           9           4
          74           1          10           4
          75           1          11           4
          76           1          12           4
          77           1          13           4
          78           1          14           4
          79           1          15           4
          80           1           0           5
          81           1           1           5
          82           1           2           5
          83           1           3           5
          84           1           4           5
          85           1           5           5
          86           1           6           5
          87           1           7           5
          88           1           8           5
          89           1           9           5
          90           1          10           5
          91           1          11           5
          92           1          12           5
          93           1          13           5
          94           1          14           5
          95           1          15           5
          96           1           0           6
          97           1           1           6
          98           1           2           6
          99           1           3           6
         100           1           4           6
         101           1           5           6
         102           1           6           6
         103           1           7           6
         104           1           8           6
         105           1           9           6
         106           1          10           6
         107           1          11           6
         108           1          12           6
         109           1          13           6
         110           1          14           6
         111           1          15           6
         112           1           0           7
         113           1           1           7
         114           1           2           7
         115           1           3           7
         116           1           4           7
         117           1           5           7
         118           1           6           7
         119           1           7           7
         120           1           8           7
         121           1           9           7
         122           1          10           7
         123           1          11           7
         124           1          12           7
         125           1          13           7
         126           1          14           7
         127           1          15           7
         128           1           0           8
         129           1           1           8
         130           1           2           8
         131           1           3           8
         132           1           4           8
         133           1           5           8
         134           1           6           8
         135           1           7           8
         136           1           8           8
         137           1           9           8
         138           1          10           8
         139           1          11           8
         140           1          12           8
         141           1          13           8
         142           1          14           8
         143           1          15           8
         144           1           0           9
         145           1           1           9
         146           1           2           9
         147           1           3           9
         148           1           4           9
         149           1           5           9
         150           1           6           9
         151           1           7           9
         152           1           8           9
         153           1           9           9
         154           1          10           9
         155           1          11           9
         156           1          12           9
         157           1          13           9
         158           1          14           9
         159           1          15           9
         160           1           0          10
         161           1           1          10
         162           1           2          10
         163           1           3          10
         164           1           4          10
         165           1           5          10
         166           1           6          10
         167           1           7          10
         168           1           8          10
         169           1           9          10
         170           1          10          10
         171           1          11          10
         172           1          12          10
         173           1          13          10
         174           1          14          10
         175           1          15          10
         176           1           0          11
         177           1           1          11
         178           1           2          11
         179           1           3          11
         180           1           4          11
         181           1           5          11
         182           1           6          11
         183           1           7          11
         184           1           8          11
         185           1           9          11
         186           1          10          11
         187           1          11          11
         188           1          12          11
         189           1          13          11
         190           1          14          11
         191           1          15          11
         192           1           0          12
         193           1           1          12
         194           1           2          12
         195           1           3          12
         196           1           4          12
         197           1           5          12
         198           1           6          12
         199           1           7          12
         200           1           8          12
         201           1           9          12
         202           1          10          12
         203           1          11          12
         204           1          12          12
         205           1          13          12
         206           1          14          12
         207           1          15          12
         208           1           0          13
         209           1           1          13
         210           1           2          13
         211           1           3          13
         212           1           4          13
         213           1           5          13
         214           1           6          13
         215           1           7          13
         216           1           8          13
         217           1           9          13
         218           1          10          13
         219           1          11          13
         220           1          12          13
         221           1          13          13
         222           1          14          13
         223           1          15          13
         224           1           0          14
         225           1           1          14
         226           1           2          14
         227           1           3          14
         228           1           4          14
         229           1           5          14
         230           1           6          14
         231           1           7          14
         232           1           8          14
         233           1           9          14
         234           1          10          14
         235           1          11          14
         236           1          12          14
         237           1          13          14
         238           1          14          14
         239           1          15          14
         240           1           0          15
         241           1           1          15
         242           1           2          15
         243           1           3          15
         244           1           4          15
         245           1           5          15
         246           1           6          15
         247           1           7          15
         248           1           8          15
         249           1           9          15
         250           1          10          15
         251           1          11          15
         252           1          12          15
         253           1          13          15
         254           1          14          15
         255           1          15          15
