4615     MXN        37.3900   37.1400    0.0    0.0    0.0    0.0       1.0000    1820 2017 335 02 32 44.000
4615     MXE        37.3900   37.1400    0.0    0.0   90.0    0.0       1.0000    1820 2017 335 02 32 44.000
4615     MXZ        37.3900   37.1400    0.0    0.0    0.0  -90.0       1.0000    1820 2017 335 02 32 44.000
NAR      MXN        37.3900   37.1600    0.0    0.0    0.0    0.0       1.0000    1820 2017 335 02 32 44.000
NAR      MXE        37.3900   37.1600    0.0    0.0   90.0    0.0       1.0000    1820 2017 335 02 32 44.000
NAR      MXZ        37.3900   37.1600    0.0    0.0    0.0  -90.0       1.0000    1820 2017 335 02 32 44.000
3144     MXN        36.7600   36.4900    0.0    0.0    0.0    0.0       1.0000    1820 2017 335 02 32 44.000
3144     MXE        36.7600   36.4900    0.0    0.0   90.0    0.0       1.0000    1820 2017 335 02 32 44.000
3144     MXZ        36.7600   36.4900    0.0    0.0    0.0  -90.0       1.0000    1820 2017 335 02 32 44.000
3137     MXN        36.6900   36.4900    0.0    0.0    0.0    0.0       1.0000    1820 2017 335 02 32 44.000
3137     MXE        36.6900   36.4900    0.0    0.0   90.0    0.0       1.0000    1820 2017 335 02 32 44.000
3137     MXZ        36.6900   36.4900    0.0    0.0    0.0  -90.0       1.0000    1820 2017 335 02 32 44.000
3145     MXN        36.6500   36.4100    0.0    0.0    0.0    0.0       1.0000    1820 2017 335 02 32 44.000
3145     MXE        36.6500   36.4100    0.0    0.0   90.0    0.0       1.0000    1820 2017 335 02 32 44.000
3145     MXZ        36.6500   36.4100    0.0    0.0    0.0  -90.0       1.0000    1820 2017 335 02 32 44.000
3142     MXN        36.5000   36.3700    0.0    0.0    0.0    0.0       1.0000    1820 2017 335 02 32 44.000
3142     MXE        36.5000   36.3700    0.0    0.0   90.0    0.0       1.0000    1820 2017 335 02 32 44.000
3142     MXZ        36.5000   36.3700    0.0    0.0    0.0  -90.0       1.0000    1820 2017 335 02 32 44.000
201      MXN        37.7600   38.2700    0.0    0.0    0.0    0.0       1.0000    1820 2017 335 02 32 44.000
201      MXE        37.7600   38.2700    0.0    0.0   90.0    0.0       1.0000    1820 2017 335 02 32 44.000
201      MXZ        37.7600   38.2700    0.0    0.0    0.0  -90.0       1.0000    1820 2017 335 02 32 44.000
3124     MXN        36.2400   36.1700    0.0    0.0    0.0    0.0       1.0000    1820 2017 335 02 32 44.000
3124     MXE        36.2400   36.1700    0.0    0.0   90.0    0.0       1.0000    1820 2017 335 02 32 44.000
3124     MXZ        36.2400   36.1700    0.0    0.0    0.0  -90.0       1.0000    1820 2017 335 02 32 44.000
3123     MXN        36.2100   36.1600    0.0    0.0    0.0    0.0       1.0000    1820 2017 335 02 32 44.000
3123     MXE        36.2100   36.1600    0.0    0.0   90.0    0.0       1.0000    1820 2017 335 02 32 44.000
3123     MXZ        36.2100   36.1600    0.0    0.0    0.0  -90.0       1.0000    1820 2017 335 02 32 44.000
3132     MXN        36.2100   36.1700    0.0    0.0    0.0    0.0       1.0000    1820 2017 335 02 32 44.000
3132     MXE        36.2100   36.1700    0.0    0.0   90.0    0.0       1.0000    1820 2017 335 02 32 44.000
3132     MXZ        36.2100   36.1700    0.0    0.0    0.0  -90.0       1.0000    1820 2017 335 02 32 44.000
DARE     MXN        38.5710   37.4830 1080.0    0.0    0.0    0.0       1.0000    1820 2017 335 02 32 44.000
DARE     MXE        38.5710   37.4830 1080.0    0.0   90.0    0.0       1.0000    1820 2017 335 02 32 44.000
DARE     MXZ        38.5710   37.4830 1080.0    0.0    0.0  -90.0       1.0000    1820 2017 335 02 32 44.000
KMRS     MXN        37.5050   36.9000  590.0    0.0    0.0    0.0       1.0000    1820 2017 335 02 32 44.000
KMRS     MXE        37.5050   36.9000  590.0    0.0   90.0    0.0       1.0000    1820 2017 335 02 32 44.000
KMRS     MXZ        37.5050   36.9000  590.0    0.0    0.0  -90.0       1.0000    1820 2017 335 02 32 44.000
GAZ      MXN        37.1720   37.2100  992.0    0.0    0.0    0.0       1.0000    1820 2017 335 02 32 44.000
GAZ      MXE        37.1720   37.2100  992.0    0.0   90.0    0.0       1.0000    1820 2017 335 02 32 44.000
GAZ      MXZ        37.1720   37.2100  992.0    0.0    0.0  -90.0       1.0000    1820 2017 335 02 32 44.000
DYBB     MXN        37.9530   40.1390  657.0    0.0    0.0    0.0       1.0000    1820 2017 335 02 32 44.000
DYBB     MXE        37.9530   40.1390  657.0    0.0   90.0    0.0       1.0000    1820 2017 335 02 32 44.000
DYBB     MXZ        37.9530   40.1390  657.0    0.0    0.0  -90.0       1.0000    1820 2017 335 02 32 44.000
URFA     MXN        37.4410   38.8210  938.0    0.0    0.0    0.0       1.0000    1820 2017 335 02 32 44.000
URFA     MXE        37.4410   38.8210  938.0    0.0   90.0    0.0       1.0000    1820 2017 335 02 32 44.000
URFA     MXZ        37.4410   38.8210  938.0    0.0    0.0  -90.0       1.0000    1820 2017 335 02 32 44.000
MAZI     MXN        37.4590   40.4460 1204.0    0.0    0.0    0.0       1.0000    1820 2017 335 02 32 44.000
MAZI     MXE        37.4590   40.4460 1204.0    0.0   90.0    0.0       1.0000    1820 2017 335 02 32 44.000
MAZI     MXZ        37.4590   40.4460 1204.0    0.0    0.0  -90.0       1.0000    1820 2017 335 02 32 44.000
ANDN     MXN        37.5800   36.3450 1142.0    0.0    0.0    0.0       1.0000    1820 2017 335 02 32 44.000
ANDN     MXE        37.5800   36.3450 1142.0    0.0   90.0    0.0       1.0000    1820 2017 335 02 32 44.000
ANDN     MXZ        37.5800   36.3450 1142.0    0.0    0.0  -90.0       1.0000    1820 2017 335 02 32 44.000
MERS     MXN        36.8680   34.5220  750.0    0.0    0.0    0.0       1.0000    1820 2017 335 02 32 44.000
MERS     MXE        36.8680   34.5220  750.0    0.0   90.0    0.0       1.0000    1820 2017 335 02 32 44.000
MERS     MXZ        36.8680   34.5220  750.0    0.0    0.0  -90.0       1.0000    1820 2017 335 02 32 44.000
SARI     MXN        38.4070   36.4180 1673.0    0.0    0.0    0.0       1.0000    1820 2017 335 02 32 44.000
SARI     MXE        38.4070   36.4180 1673.0    0.0   90.0    0.0       1.0000    1820 2017 335 02 32 44.000
SARI     MXZ        38.4070   36.4180 1673.0    0.0    0.0  -90.0       1.0000    1820 2017 335 02 32 44.000
BNN      MXN        38.8520   35.8470 1380.0    0.0    0.0    0.0       1.0000    1820 2017 335 02 32 44.000
BNN      MXE        38.8520   35.8470 1380.0    0.0   90.0    0.0       1.0000    1820 2017 335 02 32 44.000
BNN      MXZ        38.8520   35.8470 1380.0    0.0    0.0  -90.0       1.0000    1820 2017 335 02 32 44.000
SVSK     MXN        39.9160   36.9930 1630.0    0.0    0.0    0.0       1.0000    1820 2017 335 02 32 44.000
SVSK     MXE        39.9160   36.9930 1630.0    0.0   90.0    0.0       1.0000    1820 2017 335 02 32 44.000
SVSK     MXZ        39.9160   36.9930 1630.0    0.0    0.0  -90.0       1.0000    1820 2017 335 02 32 44.000
RSDY     MXN        40.3970   37.3270  550.0    0.0    0.0    0.0       1.0000    1820 2017 335 02 32 44.000
RSDY     MXE        40.3970   37.3270  550.0    0.0   90.0    0.0       1.0000    1820 2017 335 02 32 44.000
RSDY     MXZ        40.3970   37.3270  550.0    0.0    0.0  -90.0       1.0000    1820 2017 335 02 32 44.000
KTUT     MXN        40.9870   39.7670  171.0    0.0    0.0    0.0       1.0000    1820 2017 335 02 32 44.000
KTUT     MXE        40.9870   39.7670  171.0    0.0   90.0    0.0       1.0000    1820 2017 335 02 32 44.000
KTUT     MXZ        40.9870   39.7670  171.0    0.0    0.0  -90.0       1.0000    1820 2017 335 02 32 44.000
CHOM     MXN        41.0970   40.7610  422.0    0.0    0.0    0.0       1.0000    1820 2017 335 02 32 44.000
CHOM     MXE        41.0970   40.7610  422.0    0.0   90.0    0.0       1.0000    1820 2017 335 02 32 44.000
CHOM     MXZ        41.0970   40.7610  422.0    0.0    0.0  -90.0       1.0000    1820 2017 335 02 32 44.000
BNGB     MXN        38.9910   40.6790 1180.0    0.0    0.0    0.0       1.0000    1820 2017 335 02 32 44.000
BNGB     MXE        38.9910   40.6790 1180.0    0.0   90.0    0.0       1.0000    1820 2017 335 02 32 44.000
BNGB     MXZ        38.9910   40.6790 1180.0    0.0    0.0  -90.0       1.0000    1820 2017 335 02 32 44.000
SVAN     MXN        38.1510   41.1980  650.0    0.0    0.0    0.0       1.0000    1820 2017 335 02 32 44.000
SVAN     MXE        38.1510   41.1980  650.0    0.0   90.0    0.0       1.0000    1820 2017 335 02 32 44.000
SVAN     MXZ        38.1510   41.1980  650.0    0.0    0.0  -90.0       1.0000    1820 2017 335 02 32 44.000
KARS     MXN        40.6150   43.0940 1747.0    0.0    0.0    0.0       1.0000    1820 2017 335 02 32 44.000
KARS     MXE        40.6150   43.0940 1747.0    0.0   90.0    0.0       1.0000    1820 2017 335 02 32 44.000
KARS     MXZ        40.6150   43.0940 1747.0    0.0    0.0  -90.0       1.0000    1820 2017 335 02 32 44.000
DHK1     MXN        36.8610   42.8670   16.0    0.0    0.0    0.0       1.0000    1820 2017 335 02 32 44.000
DHK1     MXE        36.8610   42.8670   16.0    0.0   90.0    0.0       1.0000    1820 2017 335 02 32 44.000
DHK1     MXZ        36.8610   42.8670   16.0    0.0    0.0  -90.0       1.0000    1820 2017 335 02 32 44.000
LMOS     MXN        36.6020   32.6960 1430.0    0.0    0.0    0.0       1.0000    1820 2017 335 02 32 44.000
LMOS     MXE        36.6020   32.6960 1430.0    0.0   90.0    0.0       1.0000    1820 2017 335 02 32 44.000
LMOS     MXZ        36.6020   32.6960 1430.0    0.0    0.0  -90.0       1.0000    1820 2017 335 02 32 44.000
HDMB     MXN        36.9640   32.4860 1946.0    0.0    0.0    0.0       1.0000    1820 2017 335 02 32 44.000
HDMB     MXE        36.9640   32.4860 1946.0    0.0   90.0    0.0       1.0000    1820 2017 335 02 32 44.000
HDMB     MXZ        36.9640   32.4860 1946.0    0.0    0.0  -90.0       1.0000    1820 2017 335 02 32 44.000
KAMT     MXN        39.3690   33.7120 1120.0    0.0    0.0    0.0       1.0000    1820 2017 335 02 32 44.000
KAMT     MXE        39.3690   33.7120 1120.0    0.0   90.0    0.0       1.0000    1820 2017 335 02 32 44.000
KAMT     MXZ        39.3690   33.7120 1120.0    0.0    0.0  -90.0       1.0000    1820 2017 335 02 32 44.000
AFSR     MXN        39.4470   33.0710 1055.0    0.0    0.0    0.0       1.0000    1820 2017 335 02 32 44.000
AFSR     MXE        39.4470   33.0710 1055.0    0.0   90.0    0.0       1.0000    1820 2017 335 02 32 44.000
AFSR     MXZ        39.4470   33.0710 1055.0    0.0    0.0  -90.0       1.0000    1820 2017 335 02 32 44.000
CANT     MXN        40.6060   33.6190  815.0    0.0    0.0    0.0       1.0000    1820 2017 335 02 32 44.000
CANT     MXE        40.6060   33.6190  815.0    0.0   90.0    0.0       1.0000    1820 2017 335 02 32 44.000
CANT     MXZ        40.6060   33.6190  815.0    0.0    0.0  -90.0       1.0000    1820 2017 335 02 32 44.000
LOD      MXN        39.8880   32.7630  902.0    0.0    0.0    0.0       1.0000    1820 2017 335 02 32 44.000
LOD      MXE        39.8880   32.7630  902.0    0.0   90.0    0.0       1.0000    1820 2017 335 02 32 44.000
LOD      MXZ        39.8880   32.7630  902.0    0.0    0.0  -90.0       1.0000    1820 2017 335 02 32 44.000
KVT      MXN        41.0810   36.0460  649.0    0.0    0.0    0.0       1.0000    1820 2017 335 02 32 44.000
KVT      MXE        41.0810   36.0460  649.0    0.0   90.0    0.0       1.0000    1820 2017 335 02 32 44.000
KVT      MXZ        41.0810   36.0460  649.0    0.0    0.0  -90.0       1.0000    1820 2017 335 02 32 44.000
CHBG     MXN        43.0130   42.0850 2177.0    0.0    0.0    0.0       1.0000    1820 2017 335 02 32 44.000
CHBG     MXE        43.0130   42.0850 2177.0    0.0   90.0    0.0       1.0000    1820 2017 335 02 32 44.000
CHBG     MXZ        43.0130   42.0850 2177.0    0.0    0.0  -90.0       1.0000    1820 2017 335 02 32 44.000
KIV      MXN        43.9550   42.6860 1054.0   20.0    0.0    0.0       1.0000    1820 2017 335 02 32 44.000
KIV      MXE        43.9550   42.6860 1054.0   20.0   90.0    0.0       1.0000    1820 2017 335 02 32 44.000
KIV      MXZ        43.9550   42.6860 1054.0   20.0    0.0  -90.0       1.0000    1820 2017 335 02 32 44.000
AZNN     MXN        41.3470   43.2100 1855.0    0.0    0.0    0.0       1.0000    1820 2017 335 02 32 44.000
AZNN     MXE        41.3470   43.2100 1855.0    0.0   90.0    0.0       1.0000    1820 2017 335 02 32 44.000
AZNN     MXZ        41.3470   43.2100 1855.0    0.0    0.0  -90.0       1.0000    1820 2017 335 02 32 44.000
GNI      MXN        40.1480   44.7410 1509.0  100.0    0.0    0.0       1.0000    1820 2017 335 02 32 44.000
GNI      MXE        40.1480   44.7410 1509.0  100.0   90.0    0.0       1.0000    1820 2017 335 02 32 44.000
GNI      MXZ        40.1480   44.7410 1509.0  100.0    0.0  -90.0       1.0000    1820 2017 335 02 32 44.000
SHMT     MXN        40.9430   44.8040 1594.0    0.0    0.0    0.0       1.0000    1820 2017 335 02 32 44.000
SHMT     MXE        40.9430   44.8040 1594.0    0.0   90.0    0.0       1.0000    1820 2017 335 02 32 44.000
SHMT     MXZ        40.9430   44.8040 1594.0    0.0    0.0  -90.0       1.0000    1820 2017 335 02 32 44.000
MSBI     MXN        31.3130   35.3580 -220.0    3.0    0.0    0.0       1.0000    1820 2017 335 02 32 44.000
MSBI     MXE        31.3130   35.3580 -220.0    3.0   90.0    0.0       1.0000    1820 2017 335 02 32 44.000
MSBI     MXZ        31.3130   35.3580 -220.0    3.0    0.0  -90.0       1.0000    1820 2017 335 02 32 44.000
EIL      MXN        29.6700   34.9510  210.0  200.0    0.0    0.0       1.0000    1820 2017 335 02 32 44.000
EIL      MXE        29.6700   34.9510  210.0  200.0   90.0    0.0       1.0000    1820 2017 335 02 32 44.000
EIL      MXZ        29.6700   34.9510  210.0  200.0    0.0  -90.0       1.0000    1820 2017 335 02 32 44.000
ELL      MXN        36.7480   29.9090 1230.0    0.0    0.0    0.0       1.0000    1820 2017 335 02 32 44.000
ELL      MXE        36.7480   29.9090 1230.0    0.0   90.0    0.0       1.0000    1820 2017 335 02 32 44.000
ELL      MXZ        36.7480   29.9090 1230.0    0.0    0.0  -90.0       1.0000    1820 2017 335 02 32 44.000
YER      MXN        37.1340   28.2840  729.0    0.0    0.0    0.0       1.0000    1820 2017 335 02 32 44.000
YER      MXE        37.1340   28.2840  729.0    0.0   90.0    0.0       1.0000    1820 2017 335 02 32 44.000
YER      MXZ        37.1340   28.2840  729.0    0.0    0.0  -90.0       1.0000    1820 2017 335 02 32 44.000
BORA     MXN        39.8800   30.4530  960.0    0.0    0.0    0.0       1.0000    1820 2017 335 02 32 44.000
BORA     MXE        39.8800   30.4530  960.0    0.0   90.0    0.0       1.0000    1820 2017 335 02 32 44.000
BORA     MXZ        39.8800   30.4530  960.0    0.0    0.0  -90.0       1.0000    1820 2017 335 02 32 44.000
MV03     MXN        40.3620   49.7420   10.0    0.0    0.0    0.0       1.0000    1820 2017 335 02 32 44.000
MV03     MXE        40.3620   49.7420   10.0    0.0   90.0    0.0       1.0000    1820 2017 335 02 32 44.000
MV03     MXZ        40.3620   49.7420   10.0    0.0    0.0  -90.0       1.0000    1820 2017 335 02 32 44.000
APE      MXN        37.0730   25.5230  608.0    0.0    0.0    0.0       1.0000    1820 2017 335 02 32 44.000
APE      MXE        37.0730   25.5230  608.0    0.0   90.0    0.0       1.0000    1820 2017 335 02 32 44.000
APE      MXZ        37.0730   25.5230  608.0    0.0    0.0  -90.0       1.0000    1820 2017 335 02 32 44.000
KTHR     MXN        36.2450   22.9940  270.0    0.0    0.0    0.0       1.0000    1820 2017 335 02 32 44.000
KTHR     MXE        36.2450   22.9940  270.0    0.0   90.0    0.0       1.0000    1820 2017 335 02 32 44.000
KTHR     MXZ        36.2450   22.9940  270.0    0.0    0.0  -90.0       1.0000    1820 2017 335 02 32 44.000
VLX      MXN        37.3700   22.3790 1035.0    0.0    0.0    0.0       1.0000    1820 2017 335 02 32 44.000
VLX      MXE        37.3700   22.3790 1035.0    0.0   90.0    0.0       1.0000    1820 2017 335 02 32 44.000
VLX      MXZ        37.3700   22.3790 1035.0    0.0    0.0  -90.0       1.0000    1820 2017 335 02 32 44.000
FSK      MXN        38.4590   20.5620  113.0    0.0    0.0    0.0       1.0000    1820 2017 335 02 32 44.000
FSK      MXE        38.4590   20.5620  113.0    0.0   90.0    0.0       1.0000    1820 2017 335 02 32 44.000
FSK      MXZ        38.4590   20.5620  113.0    0.0    0.0  -90.0       1.0000    1820 2017 335 02 32 44.000
AGG      MXN        39.0210   22.3360  622.0    0.0    0.0    0.0       1.0000    1820 2017 335 02 32 44.000
AGG      MXE        39.0210   22.3360  622.0    0.0   90.0    0.0       1.0000    1820 2017 335 02 32 44.000
AGG      MXZ        39.0210   22.3360  622.0    0.0    0.0  -90.0       1.0000    1820 2017 335 02 32 44.000
AOS2     MXN        39.1480   23.8440  185.0    0.0    0.0    0.0       1.0000    1820 2017 335 02 32 44.000
AOS2     MXE        39.1480   23.8440  185.0    0.0   90.0    0.0       1.0000    1820 2017 335 02 32 44.000
AOS2     MXZ        39.1480   23.8440  185.0    0.0    0.0  -90.0       1.0000    1820 2017 335 02 32 44.000
THL      MXN        39.5650   22.0140   86.0    0.0    0.0    0.0       1.0000    1820 2017 335 02 32 44.000
THL      MXE        39.5650   22.0140   86.0    0.0   90.0    0.0       1.0000    1820 2017 335 02 32 44.000
THL      MXZ        39.5650   22.0140   86.0    0.0    0.0  -90.0       1.0000    1820 2017 335 02 32 44.000
VRI      MXN        45.8660   26.7280  475.0    0.0    0.0    0.0       1.0000    1820 2017 335 02 32 44.000
VRI      MXE        45.8660   26.7280  475.0    0.0   90.0    0.0       1.0000    1820 2017 335 02 32 44.000
VRI      MXZ        45.8660   26.7280  475.0    0.0    0.0  -90.0       1.0000    1820 2017 335 02 32 44.000
RST1     MXN        37.2324   49.6300    0.0    0.0    0.0    0.0       1.0000    1820 2017 335 02 32 44.000
RST1     MXE        37.2324   49.6300    0.0    0.0   90.0    0.0       1.0000    1820 2017 335 02 32 44.000
RST1     MXZ        37.2324   49.6300    0.0    0.0    0.0  -90.0       1.0000    1820 2017 335 02 32 44.000
KFM      MXN        33.5244   47.8469    0.0    0.0    0.0    0.0       1.0000    1820 2017 335 02 32 44.000
KFM      MXE        33.5244   47.8469    0.0    0.0   90.0    0.0       1.0000    1820 2017 335 02 32 44.000
KFM      MXZ        33.5244   47.8469    0.0    0.0    0.0  -90.0       1.0000    1820 2017 335 02 32 44.000
KHNJ     MXN        27.9477   57.7056    0.0    0.0    0.0    0.0       1.0000    1820 2017 335 02 32 44.000
KHNJ     MXE        27.9477   57.7056    0.0    0.0   90.0    0.0       1.0000    1820 2017 335 02 32 44.000
KHNJ     MXZ        27.9477   57.7056    0.0    0.0    0.0  -90.0       1.0000    1820 2017 335 02 32 44.000
TEH      MXN        35.7519   51.3892    0.0    0.0    0.0    0.0       1.0000    1820 2017 335 02 32 44.000
TEH      MXE        35.7519   51.3892    0.0    0.0   90.0    0.0       1.0000    1820 2017 335 02 32 44.000
TEH      MXZ        35.7519   51.3892    0.0    0.0    0.0  -90.0       1.0000    1820 2017 335 02 32 44.000
MNB1     MXN        27.1061   57.0998    0.0    0.0    0.0    0.0       1.0000    1820 2017 335 02 32 44.000
MNB1     MXE        27.1061   57.0998    0.0    0.0   90.0    0.0       1.0000    1820 2017 335 02 32 44.000
MNB1     MXZ        27.1061   57.0998    0.0    0.0    0.0  -90.0       1.0000    1820 2017 335 02 32 44.000
KHGB     MXN        30.3755   56.4767    0.0    0.0    0.0    0.0       1.0000    1820 2017 335 02 32 44.000
KHGB     MXE        30.3755   56.4767    0.0    0.0   90.0    0.0       1.0000    1820 2017 335 02 32 44.000
KHGB     MXZ        30.3755   56.4767    0.0    0.0    0.0  -90.0       1.0000    1820 2017 335 02 32 44.000
AFRZ     MXN        33.4252   59.0150    0.0    0.0    0.0    0.0       1.0000    1820 2017 335 02 32 44.000
AFRZ     MXE        33.4252   59.0150    0.0    0.0   90.0    0.0       1.0000    1820 2017 335 02 32 44.000
AFRZ     MXZ        33.4252   59.0150    0.0    0.0    0.0  -90.0       1.0000    1820 2017 335 02 32 44.000
LIN      MXN        34.9187   46.9625    0.0    0.0    0.0    0.0       1.0000    1820 2017 335 02 32 44.000
LIN      MXE        34.9187   46.9625    0.0    0.0   90.0    0.0       1.0000    1820 2017 335 02 32 44.000
LIN      MXZ        34.9187   46.9625    0.0    0.0    0.0  -90.0       1.0000    1820 2017 335 02 32 44.000
DAMV     MXN        35.6300   51.9710    0.0    0.0    0.0    0.0       1.0000    1820 2017 335 02 32 44.000
DAMV     MXE        35.6300   51.9710    0.0    0.0   90.0    0.0       1.0000    1820 2017 335 02 32 44.000
DAMV     MXZ        35.6300   51.9710    0.0    0.0    0.0  -90.0       1.0000    1820 2017 335 02 32 44.000
BSRN     MXN        31.9960   59.1180    0.0    0.0    0.0    0.0       1.0000    1820 2017 335 02 32 44.000
BSRN     MXE        31.9960   59.1180    0.0    0.0   90.0    0.0       1.0000    1820 2017 335 02 32 44.000
BSRN     MXZ        31.9960   59.1180    0.0    0.0    0.0  -90.0       1.0000    1820 2017 335 02 32 44.000
CSN1     MXN        37.5635   49.0950    0.0    0.0    0.0    0.0       1.0000    1820 2017 335 02 32 44.000
CSN1     MXE        37.5635   49.0950    0.0    0.0   90.0    0.0       1.0000    1820 2017 335 02 32 44.000
CSN1     MXZ        37.5635   49.0950    0.0    0.0    0.0  -90.0       1.0000    1820 2017 335 02 32 44.000
TKDS     MXN        33.6134   57.1221    0.0    0.0    0.0    0.0       1.0000    1820 2017 335 02 32 44.000
TKDS     MXE        33.6134   57.1221    0.0    0.0   90.0    0.0       1.0000    1820 2017 335 02 32 44.000
TKDS     MXZ        33.6134   57.1221    0.0    0.0    0.0  -90.0       1.0000    1820 2017 335 02 32 44.000
JSK1     MXN        25.6379   57.7701    0.0    0.0    0.0    0.0       1.0000    1820 2017 335 02 32 44.000
JSK1     MXE        25.6379   57.7701    0.0    0.0   90.0    0.0       1.0000    1820 2017 335 02 32 44.000
JSK1     MXZ        25.6379   57.7701    0.0    0.0    0.0  -90.0       1.0000    1820 2017 335 02 32 44.000
TVBK     MXN        29.9859   56.7612    0.0    0.0    0.0    0.0       1.0000    1820 2017 335 02 32 44.000
TVBK     MXE        29.9859   56.7612    0.0    0.0   90.0    0.0       1.0000    1820 2017 335 02 32 44.000
TVBK     MXZ        29.9859   56.7612    0.0    0.0    0.0  -90.0       1.0000    1820 2017 335 02 32 44.000
NHDN     MXN        31.3928   60.0502    0.0    0.0    0.0    0.0       1.0000    1820 2017 335 02 32 44.000
NHDN     MXE        31.3928   60.0502    0.0    0.0   90.0    0.0       1.0000    1820 2017 335 02 32 44.000
NHDN     MXZ        31.3928   60.0502    0.0    0.0    0.0  -90.0       1.0000    1820 2017 335 02 32 44.000
GTMR     MXN        32.4710   49.1120    0.0    0.0    0.0    0.0       1.0000    1820 2017 335 02 32 44.000
GTMR     MXE        32.4710   49.1120    0.0    0.0   90.0    0.0       1.0000    1820 2017 335 02 32 44.000
GTMR     MXZ        32.4710   49.1120    0.0    0.0    0.0  -90.0       1.0000    1820 2017 335 02 32 44.000
SHRO     MXN        36.0080   56.0130    0.0    0.0    0.0    0.0       1.0000    1820 2017 335 02 32 44.000
SHRO     MXE        36.0080   56.0130    0.0    0.0   90.0    0.0       1.0000    1820 2017 335 02 32 44.000
SHRO     MXZ        36.0080   56.0130    0.0    0.0    0.0  -90.0       1.0000    1820 2017 335 02 32 44.000
SNGE     MXN        35.0930   47.3470    0.0    0.0    0.0    0.0       1.0000    1820 2017 335 02 32 44.000
SNGE     MXE        35.0930   47.3470    0.0    0.0   90.0    0.0       1.0000    1820 2017 335 02 32 44.000
SNGE     MXZ        35.0930   47.3470    0.0    0.0    0.0  -90.0       1.0000    1820 2017 335 02 32 44.000
SFB      MXN        34.3519   52.2407    0.0    0.0    0.0    0.0       1.0000    1820 2017 335 02 32 44.000
SFB      MXE        34.3519   52.2407    0.0    0.0   90.0    0.0       1.0000    1820 2017 335 02 32 44.000
SFB      MXZ        34.3519   52.2407    0.0    0.0    0.0  -90.0       1.0000    1820 2017 335 02 32 44.000
HSB      MXN        35.4379   51.2758    0.0    0.0    0.0    0.0       1.0000    1820 2017 335 02 32 44.000
HSB      MXE        35.4379   51.2758    0.0    0.0   90.0    0.0       1.0000    1820 2017 335 02 32 44.000
HSB      MXZ        35.4379   51.2758    0.0    0.0    0.0  -90.0       1.0000    1820 2017 335 02 32 44.000
HSRG     MXN        35.2418   48.2787    0.0    0.0    0.0    0.0       1.0000    1820 2017 335 02 32 44.000
HSRG     MXE        35.2418   48.2787    0.0    0.0   90.0    0.0       1.0000    1820 2017 335 02 32 44.000
HSRG     MXZ        35.2418   48.2787    0.0    0.0    0.0  -90.0       1.0000    1820 2017 335 02 32 44.000
GIDE     MXN        36.9230   49.9100    0.0    0.0    0.0    0.0       1.0000    1820 2017 335 02 32 44.000
GIDE     MXE        36.9230   49.9100    0.0    0.0   90.0    0.0       1.0000    1820 2017 335 02 32 44.000
GIDE     MXZ        36.9230   49.9100    0.0    0.0    0.0  -90.0       1.0000    1820 2017 335 02 32 44.000
HAGD     MXN        34.8220   49.1390    0.0    0.0    0.0    0.0       1.0000    1820 2017 335 02 32 44.000
HAGD     MXE        34.8220   49.1390    0.0    0.0   90.0    0.0       1.0000    1820 2017 335 02 32 44.000
HAGD     MXZ        34.8220   49.1390    0.0    0.0    0.0  -90.0       1.0000    1820 2017 335 02 32 44.000
SLJL     MXN        37.6493   57.8915    0.0    0.0    0.0    0.0       1.0000    1820 2017 335 02 32 44.000
SLJL     MXE        37.6493   57.8915    0.0    0.0   90.0    0.0       1.0000    1820 2017 335 02 32 44.000
SLJL     MXZ        37.6493   57.8915    0.0    0.0    0.0  -90.0       1.0000    1820 2017 335 02 32 44.000
TEHA     MXN        35.7464   51.3868    0.0    0.0    0.0    0.0       1.0000    1820 2017 335 02 32 44.000
TEHA     MXE        35.7464   51.3868    0.0    0.0   90.0    0.0       1.0000    1820 2017 335 02 32 44.000
TEHA     MXZ        35.7464   51.3868    0.0    0.0    0.0  -90.0       1.0000    1820 2017 335 02 32 44.000
GHIR     MXN        28.2860   52.9870    0.0    0.0    0.0    0.0       1.0000    1820 2017 335 02 32 44.000
GHIR     MXE        28.2860   52.9870    0.0    0.0   90.0    0.0       1.0000    1820 2017 335 02 32 44.000
GHIR     MXZ        28.2860   52.9870    0.0    0.0    0.0  -90.0       1.0000    1820 2017 335 02 32 44.000
TABS     MXN        33.6490   57.1190    0.0    0.0    0.0    0.0       1.0000    1820 2017 335 02 32 44.000
TABS     MXE        33.6490   57.1190    0.0    0.0   90.0    0.0       1.0000    1820 2017 335 02 32 44.000
TABS     MXZ        33.6490   57.1190    0.0    0.0    0.0  -90.0       1.0000    1820 2017 335 02 32 44.000
MND      MXN        37.2369   55.3887    0.0    0.0    0.0    0.0       1.0000    1820 2017 335 02 32 44.000
MND      MXE        37.2369   55.3887    0.0    0.0   90.0    0.0       1.0000    1820 2017 335 02 32 44.000
MND      MXZ        37.2369   55.3887    0.0    0.0    0.0  -90.0       1.0000    1820 2017 335 02 32 44.000
SNQR     MXN        34.8578   47.6280    0.0    0.0    0.0    0.0       1.0000    1820 2017 335 02 32 44.000
SNQR     MXE        34.8578   47.6280    0.0    0.0   90.0    0.0       1.0000    1820 2017 335 02 32 44.000
SNQR     MXZ        34.8578   47.6280    0.0    0.0    0.0  -90.0       1.0000    1820 2017 335 02 32 44.000
NGRK     MXN        29.6440   56.7304    0.0    0.0    0.0    0.0       1.0000    1820 2017 335 02 32 44.000
NGRK     MXE        29.6440   56.7304    0.0    0.0   90.0    0.0       1.0000    1820 2017 335 02 32 44.000
NGRK     MXZ        29.6440   56.7304    0.0    0.0    0.0  -90.0       1.0000    1820 2017 335 02 32 44.000
HKZM     MXN        35.3775   48.9045    0.0    0.0    0.0    0.0       1.0000    1820 2017 335 02 32 44.000
HKZM     MXE        35.3775   48.9045    0.0    0.0   90.0    0.0       1.0000    1820 2017 335 02 32 44.000
HKZM     MXZ        35.3775   48.9045    0.0    0.0    0.0  -90.0       1.0000    1820 2017 335 02 32 44.000
BNDS     MXN        27.3990   56.1710    0.0    0.0    0.0    0.0       1.0000    1820 2017 335 02 32 44.000
BNDS     MXE        27.3990   56.1710    0.0    0.0   90.0    0.0       1.0000    1820 2017 335 02 32 44.000
BNDS     MXZ        27.3990   56.1710    0.0    0.0    0.0  -90.0       1.0000    1820 2017 335 02 32 44.000
ZNGN     MXN        32.1174   50.8542    0.0    0.0    0.0    0.0       1.0000    1820 2017 335 02 32 44.000
ZNGN     MXE        32.1174   50.8542    0.0    0.0   90.0    0.0       1.0000    1820 2017 335 02 32 44.000
ZNGN     MXZ        32.1174   50.8542    0.0    0.0    0.0  -90.0       1.0000    1820 2017 335 02 32 44.000
QABG     MXN        35.7085   49.5824    0.0    0.0    0.0    0.0       1.0000    1820 2017 335 02 32 44.000
QABG     MXE        35.7085   49.5824    0.0    0.0   90.0    0.0       1.0000    1820 2017 335 02 32 44.000
QABG     MXZ        35.7085   49.5824    0.0    0.0    0.0  -90.0       1.0000    1820 2017 335 02 32 44.000
TAB1     MXN        38.0475   46.3323    0.0    0.0    0.0    0.0       1.0000    1820 2017 335 02 32 44.000
TAB1     MXE        38.0475   46.3323    0.0    0.0   90.0    0.0       1.0000    1820 2017 335 02 32 44.000
TAB1     MXZ        38.0475   46.3323    0.0    0.0    0.0  -90.0       1.0000    1820 2017 335 02 32 44.000
NGD1     MXN        36.9456   45.4128    0.0    0.0    0.0    0.0       1.0000    1820 2017 335 02 32 44.000
NGD1     MXE        36.9456   45.4128    0.0    0.0   90.0    0.0       1.0000    1820 2017 335 02 32 44.000
NGD1     MXZ        36.9456   45.4128    0.0    0.0    0.0  -90.0       1.0000    1820 2017 335 02 32 44.000
SHI      MXN        29.6374   52.5201    0.0    0.0    0.0    0.0       1.0000    1820 2017 335 02 32 44.000
SHI      MXE        29.6374   52.5201    0.0    0.0   90.0    0.0       1.0000    1820 2017 335 02 32 44.000
SHI      MXZ        29.6374   52.5201    0.0    0.0    0.0  -90.0       1.0000    1820 2017 335 02 32 44.000
TSHB     MXN        33.6912   56.4676    0.0    0.0    0.0    0.0       1.0000    1820 2017 335 02 32 44.000
TSHB     MXE        33.6912   56.4676    0.0    0.0   90.0    0.0       1.0000    1820 2017 335 02 32 44.000
TSHB     MXZ        33.6912   56.4676    0.0    0.0    0.0  -90.0       1.0000    1820 2017 335 02 32 44.000
ASAO     MXN        34.5480   50.0250    0.0    0.0    0.0    0.0       1.0000    1820 2017 335 02 32 44.000
ASAO     MXE        34.5480   50.0250    0.0    0.0   90.0    0.0       1.0000    1820 2017 335 02 32 44.000
ASAO     MXZ        34.5480   50.0250    0.0    0.0    0.0  -90.0       1.0000    1820 2017 335 02 32 44.000
YZKH     MXN        32.3900   54.5910    0.0    0.0    0.0    0.0       1.0000    1820 2017 335 02 32 44.000
YZKH     MXE        32.3900   54.5910    0.0    0.0   90.0    0.0       1.0000    1820 2017 335 02 32 44.000
YZKH     MXZ        32.3900   54.5910    0.0    0.0    0.0  -90.0       1.0000    1820 2017 335 02 32 44.000
AMD1     MXN        35.7488   50.9608    0.0    0.0    0.0    0.0       1.0000    1820 2017 335 02 32 44.000
AMD1     MXE        35.7488   50.9608    0.0    0.0   90.0    0.0       1.0000    1820 2017 335 02 32 44.000
AMD1     MXZ        35.7488   50.9608    0.0    0.0    0.0  -90.0       1.0000    1820 2017 335 02 32 44.000
SHK1     MXN        32.3280   50.8845    0.0    0.0    0.0    0.0       1.0000    1820 2017 335 02 32 44.000
SHK1     MXE        32.3280   50.8845    0.0    0.0   90.0    0.0       1.0000    1820 2017 335 02 32 44.000
SHK1     MXZ        32.3280   50.8845    0.0    0.0    0.0  -90.0       1.0000    1820 2017 335 02 32 44.000
DHL1     MXN        32.6810   47.2807    0.0    0.0    0.0    0.0       1.0000    1820 2017 335 02 32 44.000
DHL1     MXE        32.6810   47.2807    0.0    0.0   90.0    0.0       1.0000    1820 2017 335 02 32 44.000
DHL1     MXZ        32.6810   47.2807    0.0    0.0    0.0  -90.0       1.0000    1820 2017 335 02 32 44.000
AHWZ     MXN        31.3299   48.6438    0.0    0.0    0.0    0.0       1.0000    1820 2017 335 02 32 44.000
AHWZ     MXE        31.3299   48.6438    0.0    0.0   90.0    0.0       1.0000    1820 2017 335 02 32 44.000
AHWZ     MXZ        31.3299   48.6438    0.0    0.0    0.0  -90.0       1.0000    1820 2017 335 02 32 44.000
SHRT     MXN        33.6460   60.2910    0.0    0.0    0.0    0.0       1.0000    1820 2017 335 02 32 44.000
SHRT     MXE        33.6460   60.2910    0.0    0.0   90.0    0.0       1.0000    1820 2017 335 02 32 44.000
SHRT     MXZ        33.6460   60.2910    0.0    0.0    0.0  -90.0       1.0000    1820 2017 335 02 32 44.000
JHBN     MXN        32.2312   50.6657    0.0    0.0    0.0    0.0       1.0000    1820 2017 335 02 32 44.000
JHBN     MXE        32.2312   50.6657    0.0    0.0   90.0    0.0       1.0000    1820 2017 335 02 32 44.000
JHBN     MXZ        32.2312   50.6657    0.0    0.0    0.0  -90.0       1.0000    1820 2017 335 02 32 44.000
QJF1     MXN        34.7726   50.5071    0.0    0.0    0.0    0.0       1.0000    1820 2017 335 02 32 44.000
QJF1     MXE        34.7726   50.5071    0.0    0.0   90.0    0.0       1.0000    1820 2017 335 02 32 44.000
QJF1     MXZ        34.7726   50.5071    0.0    0.0    0.0  -90.0       1.0000    1820 2017 335 02 32 44.000
NASN     MXN        32.7990   52.8080    0.0    0.0    0.0    0.0       1.0000    1820 2017 335 02 32 44.000
NASN     MXE        32.7990   52.8080    0.0    0.0   90.0    0.0       1.0000    1820 2017 335 02 32 44.000
NASN     MXZ        32.7990   52.8080    0.0    0.0    0.0  -90.0       1.0000    1820 2017 335 02 32 44.000
BNB      MXN        27.4490   56.5400    0.0    0.0    0.0    0.0       1.0000    1820 2017 335 02 32 44.000
BNB      MXE        27.4490   56.5400    0.0    0.0   90.0    0.0       1.0000    1820 2017 335 02 32 44.000
BNB      MXZ        27.4490   56.5400    0.0    0.0    0.0  -90.0       1.0000    1820 2017 335 02 32 44.000
KHMZ     MXN        33.7390   49.9640    0.0    0.0    0.0    0.0       1.0000    1820 2017 335 02 32 44.000
KHMZ     MXE        33.7390   49.9640    0.0    0.0   90.0    0.0       1.0000    1820 2017 335 02 32 44.000
KHMZ     MXZ        33.7390   49.9640    0.0    0.0    0.0  -90.0       1.0000    1820 2017 335 02 32 44.000
KCHF     MXN        34.2750   47.0404    0.0    0.0    0.0    0.0       1.0000    1820 2017 335 02 32 44.000
KCHF     MXE        34.2750   47.0404    0.0    0.0   90.0    0.0       1.0000    1820 2017 335 02 32 44.000
KCHF     MXZ        34.2750   47.0404    0.0    0.0    0.0  -90.0       1.0000    1820 2017 335 02 32 44.000
THKV     MXN        35.9160   50.8790    0.0    0.0    0.0    0.0       1.0000    1820 2017 335 02 32 44.000
THKV     MXE        35.9160   50.8790    0.0    0.0   90.0    0.0       1.0000    1820 2017 335 02 32 44.000
THKV     MXZ        35.9160   50.8790    0.0    0.0    0.0  -90.0       1.0000    1820 2017 335 02 32 44.000
ZHDN     MXN        29.3990   60.8102    0.0    0.0    0.0    0.0       1.0000    1820 2017 335 02 32 44.000
ZHDN     MXE        29.3990   60.8102    0.0    0.0   90.0    0.0       1.0000    1820 2017 335 02 32 44.000
ZHDN     MXZ        29.3990   60.8102    0.0    0.0    0.0  -90.0       1.0000    1820 2017 335 02 32 44.000
LHJ2     MXN        37.1664   50.0616    0.0    0.0    0.0    0.0       1.0000    1820 2017 335 02 32 44.000
LHJ2     MXE        37.1664   50.0616    0.0    0.0   90.0    0.0       1.0000    1820 2017 335 02 32 44.000
LHJ2     MXZ        37.1664   50.0616    0.0    0.0    0.0  -90.0       1.0000    1820 2017 335 02 32 44.000
KRBR     MXN        29.9820   56.7610    0.0    0.0    0.0    0.0       1.0000    1820 2017 335 02 32 44.000
KRBR     MXE        29.9820   56.7610    0.0    0.0   90.0    0.0       1.0000    1820 2017 335 02 32 44.000
KRBR     MXZ        29.9820   56.7610    0.0    0.0    0.0  -90.0       1.0000    1820 2017 335 02 32 44.000
ZRDN     MXN        30.9675   56.5356    0.0    0.0    0.0    0.0       1.0000    1820 2017 335 02 32 44.000
ZRDN     MXE        30.9675   56.5356    0.0    0.0   90.0    0.0       1.0000    1820 2017 335 02 32 44.000
ZRDN     MXZ        30.9675   56.5356    0.0    0.0    0.0  -90.0       1.0000    1820 2017 335 02 32 44.000
TVRZ     MXN        38.5042   46.6675    0.0    0.0    0.0    0.0       1.0000    1820 2017 335 02 32 44.000
TVRZ     MXE        38.5042   46.6675    0.0    0.0   90.0    0.0       1.0000    1820 2017 335 02 32 44.000
TVRZ     MXZ        38.5042   46.6675    0.0    0.0    0.0  -90.0       1.0000    1820 2017 335 02 32 44.000
ZHSF     MXN        29.6110   60.7750    0.0    0.0    0.0    0.0       1.0000    1820 2017 335 02 32 44.000
ZHSF     MXE        29.6110   60.7750    0.0    0.0   90.0    0.0       1.0000    1820 2017 335 02 32 44.000
ZHSF     MXZ        29.6110   60.7750    0.0    0.0    0.0  -90.0       1.0000    1820 2017 335 02 32 44.000
AMIS     MXN        31.6653   49.2866    0.0    0.0    0.0    0.0       1.0000    1820 2017 335 02 32 44.000
AMIS     MXE        31.6653   49.2866    0.0    0.0   90.0    0.0       1.0000    1820 2017 335 02 32 44.000
AMIS     MXZ        31.6653   49.2866    0.0    0.0    0.0  -90.0       1.0000    1820 2017 335 02 32 44.000
TBJM     MXN        35.2679   60.3292    0.0    0.0    0.0    0.0       1.0000    1820 2017 335 02 32 44.000
TBJM     MXE        35.2679   60.3292    0.0    0.0   90.0    0.0       1.0000    1820 2017 335 02 32 44.000
TBJM     MXZ        35.2679   60.3292    0.0    0.0    0.0  -90.0       1.0000    1820 2017 335 02 32 44.000
JIR1     MXN        36.7077   49.8021    0.0    0.0    0.0    0.0       1.0000    1820 2017 335 02 32 44.000
JIR1     MXE        36.7077   49.8021    0.0    0.0   90.0    0.0       1.0000    1820 2017 335 02 32 44.000
JIR1     MXZ        36.7077   49.8021    0.0    0.0    0.0  -90.0       1.0000    1820 2017 335 02 32 44.000
SRVN     MXN        27.4034   62.3982    0.0    0.0    0.0    0.0       1.0000    1820 2017 335 02 32 44.000
SRVN     MXE        27.4034   62.3982    0.0    0.0   90.0    0.0       1.0000    1820 2017 335 02 32 44.000
SRVN     MXZ        27.4034   62.3982    0.0    0.0    0.0  -90.0       1.0000    1820 2017 335 02 32 44.000
KHL1     MXN        27.6380   53.3007    0.0    0.0    0.0    0.0       1.0000    1820 2017 335 02 32 44.000
KHL1     MXE        27.6380   53.3007    0.0    0.0   90.0    0.0       1.0000    1820 2017 335 02 32 44.000
KHL1     MXZ        27.6380   53.3007    0.0    0.0    0.0  -90.0       1.0000    1820 2017 335 02 32 44.000
SRSL     MXN        36.2123   45.4340    0.0    0.0    0.0    0.0       1.0000    1820 2017 335 02 32 44.000
SRSL     MXE        36.2123   45.4340    0.0    0.0   90.0    0.0       1.0000    1820 2017 335 02 32 44.000
SRSL     MXZ        36.2123   45.4340    0.0    0.0    0.0  -90.0       1.0000    1820 2017 335 02 32 44.000
KRSH     MXN        33.9693   52.1354    0.0    0.0    0.0    0.0       1.0000    1820 2017 335 02 32 44.000
KRSH     MXE        33.9693   52.1354    0.0    0.0   90.0    0.0       1.0000    1820 2017 335 02 32 44.000
KRSH     MXZ        33.9693   52.1354    0.0    0.0    0.0  -90.0       1.0000    1820 2017 335 02 32 44.000
MZN1     MXN        28.0586   54.6517    0.0    0.0    0.0    0.0       1.0000    1820 2017 335 02 32 44.000
MZN1     MXE        28.0586   54.6517    0.0    0.0   90.0    0.0       1.0000    1820 2017 335 02 32 44.000
MZN1     MXZ        28.0586   54.6517    0.0    0.0    0.0  -90.0       1.0000    1820 2017 335 02 32 44.000
CMGT     MXN        35.7442   51.3854    0.0    0.0    0.0    0.0       1.0000    1820 2017 335 02 32 44.000
CMGT     MXE        35.7442   51.3854    0.0    0.0   90.0    0.0       1.0000    1820 2017 335 02 32 44.000
CMGT     MXZ        35.7442   51.3854    0.0    0.0    0.0  -90.0       1.0000    1820 2017 335 02 32 44.000
SZD1     MXN        29.4863   60.8655    0.0    0.0    0.0    0.0       1.0000    1820 2017 335 02 32 44.000
SZD1     MXE        29.4863   60.8655    0.0    0.0   90.0    0.0       1.0000    1820 2017 335 02 32 44.000
SZD1     MXZ        29.4863   60.8655    0.0    0.0    0.0  -90.0       1.0000    1820 2017 335 02 32 44.000
KBAM     MXN        29.1356   58.4523    0.0    0.0    0.0    0.0       1.0000    1820 2017 335 02 32 44.000
KBAM     MXE        29.1356   58.4523    0.0    0.0   90.0    0.0       1.0000    1820 2017 335 02 32 44.000
KBAM     MXZ        29.1356   58.4523    0.0    0.0    0.0  -90.0       1.0000    1820 2017 335 02 32 44.000
TPRV     MXN        33.0281   56.6858    0.0    0.0    0.0    0.0       1.0000    1820 2017 335 02 32 44.000
TPRV     MXE        33.0281   56.6858    0.0    0.0   90.0    0.0       1.0000    1820 2017 335 02 32 44.000
TPRV     MXZ        33.0281   56.6858    0.0    0.0    0.0  -90.0       1.0000    1820 2017 335 02 32 44.000
DOBD     MXN        31.9903   54.5118    0.0    0.0    0.0    0.0       1.0000    1820 2017 335 02 32 44.000
DOBD     MXE        31.9903   54.5118    0.0    0.0   90.0    0.0       1.0000    1820 2017 335 02 32 44.000
DOBD     MXZ        31.9903   54.5118    0.0    0.0    0.0  -90.0       1.0000    1820 2017 335 02 32 44.000
QCNT     MXN        36.2901   50.0091    0.0    0.0    0.0    0.0       1.0000    1820 2017 335 02 32 44.000
QCNT     MXE        36.2901   50.0091    0.0    0.0   90.0    0.0       1.0000    1820 2017 335 02 32 44.000
QCNT     MXZ        36.2901   50.0091    0.0    0.0    0.0  -90.0       1.0000    1820 2017 335 02 32 44.000
KMR      MXN        33.5178   48.3803    0.0    0.0    0.0    0.0       1.0000    1820 2017 335 02 32 44.000
KMR      MXE        33.5178   48.3803    0.0    0.0   90.0    0.0       1.0000    1820 2017 335 02 32 44.000
KMR      MXZ        33.5178   48.3803    0.0    0.0    0.0  -90.0       1.0000    1820 2017 335 02 32 44.000
DOB      MXN        33.7874   48.1775    0.0    0.0    0.0    0.0       1.0000    1820 2017 335 02 32 44.000
DOB      MXE        33.7874   48.1775    0.0    0.0   90.0    0.0       1.0000    1820 2017 335 02 32 44.000
DOB      MXZ        33.7874   48.1775    0.0    0.0    0.0  -90.0       1.0000    1820 2017 335 02 32 44.000
NGCH     MXN        25.3587   61.1364    0.0    0.0    0.0    0.0       1.0000    1820 2017 335 02 32 44.000
NGCH     MXE        25.3587   61.1364    0.0    0.0   90.0    0.0       1.0000    1820 2017 335 02 32 44.000
NGCH     MXZ        25.3587   61.1364    0.0    0.0    0.0  -90.0       1.0000    1820 2017 335 02 32 44.000
ROKH     MXN        32.3992   51.0722    0.0    0.0    0.0    0.0       1.0000    1820 2017 335 02 32 44.000
ROKH     MXE        32.3992   51.0722    0.0    0.0   90.0    0.0       1.0000    1820 2017 335 02 32 44.000
ROKH     MXZ        32.3992   51.0722    0.0    0.0    0.0  -90.0       1.0000    1820 2017 335 02 32 44.000
GLO      MXN        36.5024   53.8302    0.0    0.0    0.0    0.0       1.0000    1820 2017 335 02 32 44.000
GLO      MXE        36.5024   53.8302    0.0    0.0   90.0    0.0       1.0000    1820 2017 335 02 32 44.000
GLO      MXZ        36.5024   53.8302    0.0    0.0    0.0  -90.0       1.0000    1820 2017 335 02 32 44.000
KGS1     MXN        34.5059   45.5888    0.0    0.0    0.0    0.0       1.0000    1820 2017 335 02 32 44.000
KGS1     MXE        34.5059   45.5888    0.0    0.0   90.0    0.0       1.0000    1820 2017 335 02 32 44.000
KGS1     MXZ        34.5059   45.5888    0.0    0.0    0.0  -90.0       1.0000    1820 2017 335 02 32 44.000
JHRM     MXN        28.5050   53.5770    0.0    0.0    0.0    0.0       1.0000    1820 2017 335 02 32 44.000
JHRM     MXE        28.5050   53.5770    0.0    0.0   90.0    0.0       1.0000    1820 2017 335 02 32 44.000
JHRM     MXZ        28.5050   53.5770    0.0    0.0    0.0  -90.0       1.0000    1820 2017 335 02 32 44.000
ILBA     MXN        33.6245   46.2074    0.0    0.0    0.0    0.0       1.0000    1820 2017 335 02 32 44.000
ILBA     MXE        33.6245   46.2074    0.0    0.0   90.0    0.0       1.0000    1820 2017 335 02 32 44.000
ILBA     MXZ        33.6245   46.2074    0.0    0.0    0.0  -90.0       1.0000    1820 2017 335 02 32 44.000
CHMN     MXN        29.8608   57.5395    0.0    0.0    0.0    0.0       1.0000    1820 2017 335 02 32 44.000
CHMN     MXE        29.8608   57.5395    0.0    0.0   90.0    0.0       1.0000    1820 2017 335 02 32 44.000
CHMN     MXZ        29.8608   57.5395    0.0    0.0    0.0  -90.0       1.0000    1820 2017 335 02 32 44.000
KRM1     MXN        30.5029   57.2714    0.0    0.0    0.0    0.0       1.0000    1820 2017 335 02 32 44.000
KRM1     MXE        30.5029   57.2714    0.0    0.0   90.0    0.0       1.0000    1820 2017 335 02 32 44.000
KRM1     MXZ        30.5029   57.2714    0.0    0.0    0.0  -90.0       1.0000    1820 2017 335 02 32 44.000
MAKU     MXN        39.3550   44.6830    0.0    0.0    0.0    0.0       1.0000    1820 2017 335 02 32 44.000
MAKU     MXE        39.3550   44.6830    0.0    0.0   90.0    0.0       1.0000    1820 2017 335 02 32 44.000
MAKU     MXZ        39.3550   44.6830    0.0    0.0    0.0  -90.0       1.0000    1820 2017 335 02 32 44.000
MZPU     MXN        36.4398   51.5687    0.0    0.0    0.0    0.0       1.0000    1820 2017 335 02 32 44.000
MZPU     MXE        36.4398   51.5687    0.0    0.0   90.0    0.0       1.0000    1820 2017 335 02 32 44.000
MZPU     MXZ        36.4398   51.5687    0.0    0.0    0.0  -90.0       1.0000    1820 2017 335 02 32 44.000
ANAR     MXN        33.1897   53.7288    0.0    0.0    0.0    0.0       1.0000    1820 2017 335 02 32 44.000
ANAR     MXE        33.1897   53.7288    0.0    0.0   90.0    0.0       1.0000    1820 2017 335 02 32 44.000
ANAR     MXZ        33.1897   53.7288    0.0    0.0    0.0  -90.0       1.0000    1820 2017 335 02 32 44.000
JRKH     MXN        35.9079   60.3494    0.0    0.0    0.0    0.0       1.0000    1820 2017 335 02 32 44.000
JRKH     MXE        35.9079   60.3494    0.0    0.0   90.0    0.0       1.0000    1820 2017 335 02 32 44.000
JRKH     MXZ        35.9079   60.3494    0.0    0.0    0.0  -90.0       1.0000    1820 2017 335 02 32 44.000
AHRM     MXN        28.8650   51.2970    0.0    0.0    0.0    0.0       1.0000    1820 2017 335 02 32 44.000
AHRM     MXE        28.8650   51.2970    0.0    0.0   90.0    0.0       1.0000    1820 2017 335 02 32 44.000
AHRM     MXZ        28.8650   51.2970    0.0    0.0    0.0  -90.0       1.0000    1820 2017 335 02 32 44.000
GENO     MXN        27.3999   56.1722    0.0    0.0    0.0    0.0       1.0000    1820 2017 335 02 32 44.000
GENO     MXE        27.3999   56.1722    0.0    0.0   90.0    0.0       1.0000    1820 2017 335 02 32 44.000
GENO     MXZ        27.3999   56.1722    0.0    0.0    0.0  -90.0       1.0000    1820 2017 335 02 32 44.000
FIR      MXN        35.6415   52.7536    0.0    0.0    0.0    0.0       1.0000    1820 2017 335 02 32 44.000
FIR      MXE        35.6415   52.7536    0.0    0.0   90.0    0.0       1.0000    1820 2017 335 02 32 44.000
FIR      MXZ        35.6415   52.7536    0.0    0.0    0.0  -90.0       1.0000    1820 2017 335 02 32 44.000
QSDN     MXN        36.5036   49.1740    0.0    0.0    0.0    0.0       1.0000    1820 2017 335 02 32 44.000
QSDN     MXE        36.5036   49.1740    0.0    0.0   90.0    0.0       1.0000    1820 2017 335 02 32 44.000
QSDN     MXZ        36.5036   49.1740    0.0    0.0    0.0  -90.0       1.0000    1820 2017 335 02 32 44.000
BJRD     MXN        37.7000   57.4080    0.0    0.0    0.0    0.0       1.0000    1820 2017 335 02 32 44.000
BJRD     MXE        37.7000   57.4080    0.0    0.0   90.0    0.0       1.0000    1820 2017 335 02 32 44.000
BJRD     MXZ        37.7000   57.4080    0.0    0.0    0.0  -90.0       1.0000    1820 2017 335 02 32 44.000
JASK     MXN        25.8671   57.8663    0.0    0.0    0.0    0.0       1.0000    1820 2017 335 02 32 44.000
JASK     MXE        25.8671   57.8663    0.0    0.0   90.0    0.0       1.0000    1820 2017 335 02 32 44.000
JASK     MXZ        25.8671   57.8663    0.0    0.0    0.0  -90.0       1.0000    1820 2017 335 02 32 44.000
SNJK     MXN        35.4303   47.0821    0.0    0.0    0.0    0.0       1.0000    1820 2017 335 02 32 44.000
SNJK     MXE        35.4303   47.0821    0.0    0.0   90.0    0.0       1.0000    1820 2017 335 02 32 44.000
SNJK     MXZ        35.4303   47.0821    0.0    0.0    0.0  -90.0       1.0000    1820 2017 335 02 32 44.000
BMDN     MXN        33.6716   48.8246    0.0    0.0    0.0    0.0       1.0000    1820 2017 335 02 32 44.000
BMDN     MXE        33.6716   48.8246    0.0    0.0   90.0    0.0       1.0000    1820 2017 335 02 32 44.000
BMDN     MXZ        33.6716   48.8246    0.0    0.0    0.0  -90.0       1.0000    1820 2017 335 02 32 44.000
TNSJ     MXN        33.9633   56.6089    0.0    0.0    0.0    0.0       1.0000    1820 2017 335 02 32 44.000
TNSJ     MXE        33.9633   56.6089    0.0    0.0   90.0    0.0       1.0000    1820 2017 335 02 32 44.000
TNSJ     MXZ        33.9633   56.6089    0.0    0.0    0.0  -90.0       1.0000    1820 2017 335 02 32 44.000
HGHA     MXN        35.4881   48.8569    0.0    0.0    0.0    0.0       1.0000    1820 2017 335 02 32 44.000
HGHA     MXE        35.4881   48.8569    0.0    0.0   90.0    0.0       1.0000    1820 2017 335 02 32 44.000
HGHA     MXZ        35.4881   48.8569    0.0    0.0    0.0  -90.0       1.0000    1820 2017 335 02 32 44.000
BDRS     MXN        33.9543   48.8808    0.0    0.0    0.0    0.0       1.0000    1820 2017 335 02 32 44.000
BDRS     MXE        33.9543   48.8808    0.0    0.0   90.0    0.0       1.0000    1820 2017 335 02 32 44.000
BDRS     MXZ        33.9543   48.8808    0.0    0.0    0.0  -90.0       1.0000    1820 2017 335 02 32 44.000
BRJ      MXN        31.9077   51.2634    0.0    0.0    0.0    0.0       1.0000    1820 2017 335 02 32 44.000
BRJ      MXE        31.9077   51.2634    0.0    0.0   90.0    0.0       1.0000    1820 2017 335 02 32 44.000
BRJ      MXZ        31.9077   51.2634    0.0    0.0    0.0  -90.0       1.0000    1820 2017 335 02 32 44.000
CHBR     MXN        25.5950   60.4820    0.0    0.0    0.0    0.0       1.0000    1820 2017 335 02 32 44.000
CHBR     MXE        25.5950   60.4820    0.0    0.0   90.0    0.0       1.0000    1820 2017 335 02 32 44.000
CHBR     MXZ        25.5950   60.4820    0.0    0.0    0.0  -90.0       1.0000    1820 2017 335 02 32 44.000
MAHB     MXN        36.7666   45.7054    0.0    0.0    0.0    0.0       1.0000    1820 2017 335 02 32 44.000
MAHB     MXE        36.7666   45.7054    0.0    0.0   90.0    0.0       1.0000    1820 2017 335 02 32 44.000
MAHB     MXZ        36.7666   45.7054    0.0    0.0    0.0  -90.0       1.0000    1820 2017 335 02 32 44.000
ZNJK     MXN        36.6700   48.6850    0.0    0.0    0.0    0.0       1.0000    1820 2017 335 02 32 44.000
ZNJK     MXE        36.6700   48.6850    0.0    0.0   90.0    0.0       1.0000    1820 2017 335 02 32 44.000
ZNJK     MXZ        36.6700   48.6850    0.0    0.0    0.0  -90.0       1.0000    1820 2017 335 02 32 44.000
HSAM     MXN        34.2116   48.6023    0.0    0.0    0.0    0.0       1.0000    1820 2017 335 02 32 44.000
HSAM     MXE        34.2116   48.6023    0.0    0.0   90.0    0.0       1.0000    1820 2017 335 02 32 44.000
HSAM     MXZ        34.2116   48.6023    0.0    0.0    0.0  -90.0       1.0000    1820 2017 335 02 32 44.000
SDS1     MXN        36.1492   45.4858    0.0    0.0    0.0    0.0       1.0000    1820 2017 335 02 32 44.000
SDS1     MXE        36.1492   45.4858    0.0    0.0   90.0    0.0       1.0000    1820 2017 335 02 32 44.000
SDS1     MXZ        36.1492   45.4858    0.0    0.0    0.0  -90.0       1.0000    1820 2017 335 02 32 44.000
TAPT     MXN        34.8842   57.1597    0.0    0.0    0.0    0.0       1.0000    1820 2017 335 02 32 44.000
TAPT     MXE        34.8842   57.1597    0.0    0.0   90.0    0.0       1.0000    1820 2017 335 02 32 44.000
TAPT     MXZ        34.8842   57.1597    0.0    0.0    0.0  -90.0       1.0000    1820 2017 335 02 32 44.000
TAHR     MXN        38.4895   47.0513    0.0    0.0    0.0    0.0       1.0000    1820 2017 335 02 32 44.000
TAHR     MXE        38.4895   47.0513    0.0    0.0   90.0    0.0       1.0000    1820 2017 335 02 32 44.000
TAHR     MXZ        38.4895   47.0513    0.0    0.0    0.0  -90.0       1.0000    1820 2017 335 02 32 44.000
GAS1     MXN        38.3861   48.8405    0.0    0.0    0.0    0.0       1.0000    1820 2017 335 02 32 44.000
GAS1     MXE        38.3861   48.8405    0.0    0.0   90.0    0.0       1.0000    1820 2017 335 02 32 44.000
GAS1     MXZ        38.3861   48.8405    0.0    0.0    0.0  -90.0       1.0000    1820 2017 335 02 32 44.000
MRD      MXN        38.7132   45.7021    0.0    0.0    0.0    0.0       1.0000    1820 2017 335 02 32 44.000
MRD      MXE        38.7132   45.7021    0.0    0.0   90.0    0.0       1.0000    1820 2017 335 02 32 44.000
MRD      MXZ        38.7132   45.7021    0.0    0.0    0.0  -90.0       1.0000    1820 2017 335 02 32 44.000
CHTH     MXN        35.9080   51.1260    0.0    0.0    0.0    0.0       1.0000    1820 2017 335 02 32 44.000
CHTH     MXE        35.9080   51.1260    0.0    0.0   90.0    0.0       1.0000    1820 2017 335 02 32 44.000
CHTH     MXZ        35.9080   51.1260    0.0    0.0    0.0  -90.0       1.0000    1820 2017 335 02 32 44.000
QALM     MXN        36.4320   50.6466    0.0    0.0    0.0    0.0       1.0000    1820 2017 335 02 32 44.000
QALM     MXE        36.4320   50.6466    0.0    0.0   90.0    0.0       1.0000    1820 2017 335 02 32 44.000
QALM     MXZ        36.4320   50.6466    0.0    0.0    0.0  -90.0       1.0000    1820 2017 335 02 32 44.000
SBZV     MXN        36.3883   57.6106    0.0    0.0    0.0    0.0       1.0000    1820 2017 335 02 32 44.000
SBZV     MXE        36.3883   57.6106    0.0    0.0   90.0    0.0       1.0000    1820 2017 335 02 32 44.000
SBZV     MXZ        36.3883   57.6106    0.0    0.0    0.0  -90.0       1.0000    1820 2017 335 02 32 44.000
KLST     MXN        36.5186   51.0587    0.0    0.0    0.0    0.0       1.0000    1820 2017 335 02 32 44.000
KLST     MXE        36.5186   51.0587    0.0    0.0   90.0    0.0       1.0000    1820 2017 335 02 32 44.000
KLST     MXZ        36.5186   51.0587    0.0    0.0    0.0  -90.0       1.0000    1820 2017 335 02 32 44.000
GRMI     MXN        38.8100   47.8940    0.0    0.0    0.0    0.0       1.0000    1820 2017 335 02 32 44.000
GRMI     MXE        38.8100   47.8940    0.0    0.0   90.0    0.0       1.0000    1820 2017 335 02 32 44.000
GRMI     MXZ        38.8100   47.8940    0.0    0.0    0.0  -90.0       1.0000    1820 2017 335 02 32 44.000
MRVT     MXN        37.6590   56.0890    0.0    0.0    0.0    0.0       1.0000    1820 2017 335 02 32 44.000
MRVT     MXE        37.6590   56.0890    0.0    0.0   90.0    0.0       1.0000    1820 2017 335 02 32 44.000
MRVT     MXZ        37.6590   56.0890    0.0    0.0    0.0  -90.0       1.0000    1820 2017 335 02 32 44.000
TAFT     MXN        31.7228   54.1711    0.0    0.0    0.0    0.0       1.0000    1820 2017 335 02 32 44.000
TAFT     MXE        31.7228   54.1711    0.0    0.0   90.0    0.0       1.0000    1820 2017 335 02 32 44.000
TAFT     MXZ        31.7228   54.1711    0.0    0.0    0.0  -90.0       1.0000    1820 2017 335 02 32 44.000
SAQZ     MXN        36.2645   46.1809    0.0    0.0    0.0    0.0       1.0000    1820 2017 335 02 32 44.000
SAQZ     MXE        36.2645   46.1809    0.0    0.0   90.0    0.0       1.0000    1820 2017 335 02 32 44.000
SAQZ     MXZ        36.2645   46.1809    0.0    0.0    0.0  -90.0       1.0000    1820 2017 335 02 32 44.000
DSBU     MXN        28.3625   51.2602    0.0    0.0    0.0    0.0       1.0000    1820 2017 335 02 32 44.000
DSBU     MXE        28.3625   51.2602    0.0    0.0   90.0    0.0       1.0000    1820 2017 335 02 32 44.000
DSBU     MXZ        28.3625   51.2602    0.0    0.0    0.0  -90.0       1.0000    1820 2017 335 02 32 44.000
DHR      MXN        34.6997   46.3867    0.0    0.0    0.0    0.0       1.0000    1820 2017 335 02 32 44.000
DHR      MXE        34.6997   46.3867    0.0    0.0   90.0    0.0       1.0000    1820 2017 335 02 32 44.000
DHR      MXZ        34.6997   46.3867    0.0    0.0    0.0  -90.0       1.0000    1820 2017 335 02 32 44.000
GHVR     MXN        34.4800   51.2950    0.0    0.0    0.0    0.0       1.0000    1820 2017 335 02 32 44.000
GHVR     MXE        34.4800   51.2950    0.0    0.0   90.0    0.0       1.0000    1820 2017 335 02 32 44.000
GHVR     MXZ        34.4800   51.2950    0.0    0.0    0.0  -90.0       1.0000    1820 2017 335 02 32 44.000
LMD1     MXN        27.3398   53.1646    0.0    0.0    0.0    0.0       1.0000    1820 2017 335 02 32 44.000
LMD1     MXE        27.3398   53.1646    0.0    0.0   90.0    0.0       1.0000    1820 2017 335 02 32 44.000
LMD1     MXZ        27.3398   53.1646    0.0    0.0    0.0  -90.0       1.0000    1820 2017 335 02 32 44.000
KOM      MXN        34.1761   47.5144    0.0    0.0    0.0    0.0       1.0000    1820 2017 335 02 32 44.000
KOM      MXE        34.1761   47.5144    0.0    0.0   90.0    0.0       1.0000    1820 2017 335 02 32 44.000
KOM      MXZ        34.1761   47.5144    0.0    0.0    0.0  -90.0       1.0000    1820 2017 335 02 32 44.000
VRN      MXN        34.9953   51.7272    0.0    0.0    0.0    0.0       1.0000    1820 2017 335 02 32 44.000
VRN      MXE        34.9953   51.7272    0.0    0.0   90.0    0.0       1.0000    1820 2017 335 02 32 44.000
VRN      MXZ        34.9953   51.7272    0.0    0.0    0.0  -90.0       1.0000    1820 2017 335 02 32 44.000
KHSK     MXN        26.7567   57.0529    0.0    0.0    0.0    0.0       1.0000    1820 2017 335 02 32 44.000
KHSK     MXE        26.7567   57.0529    0.0    0.0   90.0    0.0       1.0000    1820 2017 335 02 32 44.000
KHSK     MXZ        26.7567   57.0529    0.0    0.0    0.0  -90.0       1.0000    1820 2017 335 02 32 44.000
LAR1     MXN        27.6694   54.3746    0.0    0.0    0.0    0.0       1.0000    1820 2017 335 02 32 44.000
LAR1     MXE        27.6694   54.3746    0.0    0.0   90.0    0.0       1.0000    1820 2017 335 02 32 44.000
LAR1     MXZ        27.6694   54.3746    0.0    0.0    0.0  -90.0       1.0000    1820 2017 335 02 32 44.000
ABH1     MXN        30.6000   50.2532    0.0    0.0    0.0    0.0       1.0000    1820 2017 335 02 32 44.000
ABH1     MXE        30.6000   50.2532    0.0    0.0   90.0    0.0       1.0000    1820 2017 335 02 32 44.000
ABH1     MXZ        30.6000   50.2532    0.0    0.0    0.0  -90.0       1.0000    1820 2017 335 02 32 44.000
KLNJ     MXN        31.0084   51.5921    0.0    0.0    0.0    0.0       1.0000    1820 2017 335 02 32 44.000
KLNJ     MXE        31.0084   51.5921    0.0    0.0   90.0    0.0       1.0000    1820 2017 335 02 32 44.000
KLNJ     MXZ        31.0084   51.5921    0.0    0.0    0.0  -90.0       1.0000    1820 2017 335 02 32 44.000
NIAN     MXN        27.5595   56.8347    0.0    0.0    0.0    0.0       1.0000    1820 2017 335 02 32 44.000
NIAN     MXE        27.5595   56.8347    0.0    0.0   90.0    0.0       1.0000    1820 2017 335 02 32 44.000
NIAN     MXZ        27.5595   56.8347    0.0    0.0    0.0  -90.0       1.0000    1820 2017 335 02 32 44.000
TABZ     MXN        38.0568   46.3266    0.0    0.0    0.0    0.0       1.0000    1820 2017 335 02 32 44.000
TABZ     MXE        38.0568   46.3266    0.0    0.0   90.0    0.0       1.0000    1820 2017 335 02 32 44.000
TABZ     MXZ        38.0568   46.3266    0.0    0.0    0.0  -90.0       1.0000    1820 2017 335 02 32 44.000
SHGR     MXN        32.1080   48.8010    0.0    0.0    0.0    0.0       1.0000    1820 2017 335 02 32 44.000
SHGR     MXE        32.1080   48.8010    0.0    0.0   90.0    0.0       1.0000    1820 2017 335 02 32 44.000
SHGR     MXZ        32.1080   48.8010    0.0    0.0    0.0  -90.0       1.0000    1820 2017 335 02 32 44.000
BZA      MXN        34.4696   47.8605    0.0    0.0    0.0    0.0       1.0000    1820 2017 335 02 32 44.000
BZA      MXE        34.4696   47.8605    0.0    0.0   90.0    0.0       1.0000    1820 2017 335 02 32 44.000
BZA      MXZ        34.4696   47.8605    0.0    0.0    0.0  -90.0       1.0000    1820 2017 335 02 32 44.000
MINE     MXN        37.3500   47.6000    0.0    0.0    0.0    0.0       1.0000    1820 2017 335 02 32 44.000
MINE     MXE        37.3500   47.6000    0.0    0.0   90.0    0.0       1.0000    1820 2017 335 02 32 44.000
MINE     MXZ        37.3500   47.6000    0.0    0.0    0.0  -90.0       1.0000    1820 2017 335 02 32 44.000
MISD     MXN        37.3500   47.6000    0.0    0.0    0.0    0.0       1.0000    1820 2017 335 02 32 44.000
MISD     MXE        37.3500   47.6000    0.0    0.0   90.0    0.0       1.0000    1820 2017 335 02 32 44.000
MISD     MXZ        37.3500   47.6000    0.0    0.0    0.0  -90.0       1.0000    1820 2017 335 02 32 44.000
AHBO     MXN        28.8650   51.2970    0.0    0.0    0.0    0.0       1.0000    1820 2017 335 02 32 44.000
AHBO     MXE        28.8650   51.2970    0.0    0.0   90.0    0.0       1.0000    1820 2017 335 02 32 44.000
AHBO     MXZ        28.8650   51.2970    0.0    0.0    0.0  -90.0       1.0000    1820 2017 335 02 32 44.000
RMKL     MXN        30.9820   49.8090    0.0    0.0    0.0    0.0       1.0000    1820 2017 335 02 32 44.000
RMKL     MXE        30.9820   49.8090    0.0    0.0   90.0    0.0       1.0000    1820 2017 335 02 32 44.000
RMKL     MXZ        30.9820   49.8090    0.0    0.0    0.0  -90.0       1.0000    1820 2017 335 02 32 44.000
YASJ     MXN        31.1000   51.3000    0.0    0.0    0.0    0.0       1.0000    1820 2017 335 02 32 44.000
YASJ     MXE        31.1000   51.3000    0.0    0.0   90.0    0.0       1.0000    1820 2017 335 02 32 44.000
YASJ     MXZ        31.1000   51.3000    0.0    0.0    0.0  -90.0       1.0000    1820 2017 335 02 32 44.000
GNBJ     MXN        34.3119   58.3270    0.0    0.0    0.0    0.0       1.0000    1820 2017 335 02 32 44.000
GNBJ     MXE        34.3119   58.3270    0.0    0.0   90.0    0.0       1.0000    1820 2017 335 02 32 44.000
GNBJ     MXZ        34.3119   58.3270    0.0    0.0    0.0  -90.0       1.0000    1820 2017 335 02 32 44.000
MSHD     MXN        36.5870   59.9430    0.0    0.0    0.0    0.0       1.0000    1820 2017 335 02 32 44.000
MSHD     MXE        36.5870   59.9430    0.0    0.0   90.0    0.0       1.0000    1820 2017 335 02 32 44.000
MSHD     MXZ        36.5870   59.9430    0.0    0.0    0.0  -90.0       1.0000    1820 2017 335 02 32 44.000
YAZD     MXN        32.3900   54.5910    0.0    0.0    0.0    0.0       1.0000    1820 2017 335 02 32 44.000
YAZD     MXE        32.3900   54.5910    0.0    0.0   90.0    0.0       1.0000    1820 2017 335 02 32 44.000
YAZD     MXZ        32.3900   54.5910    0.0    0.0    0.0  -90.0       1.0000    1820 2017 335 02 32 44.000
ILAM     MXN        33.6200   46.2000    0.0    0.0    0.0    0.0       1.0000    1820 2017 335 02 32 44.000
ILAM     MXE        33.6200   46.2000    0.0    0.0   90.0    0.0       1.0000    1820 2017 335 02 32 44.000
ILAM     MXZ        33.6200   46.2000    0.0    0.0    0.0  -90.0       1.0000    1820 2017 335 02 32 44.000
